#col0row7[msb-lsb],col0row6[msb-lst],....,col0row0[msb-lst]#
#col1row7[msb-lsb],col1row6[msb-lst],....,col1row0[msb-lst]#
#................#
1 1 0 1 1 1 1 1 0 0 0 1 1 1 1 0 0 0 0 1 1 1 1 1 1 1 1 0 1 0 0 0 
1 1 0 1 1 1 0 1 1 1 1 0 1 1 1 0 1 1 1 1 1 1 1 1 1 0 0 0 0 0 0 1 
1 1 1 0 0 0 0 1 1 0 0 0 1 1 0 1 1 0 0 0 1 0 0 0 1 1 1 0 0 0 0 1 
1 1 1 1 1 0 0 0 1 1 1 1 1 0 0 0 0 0 0 1 1 1 1 1 0 0 1 0 1 1 1 1 
1 1 0 1 1 0 0 0 1 0 0 0 0 0 0 1 1 0 0 0 1 0 0 0 1 1 0 0 0 0 1 1 
1 0 0 0 1 1 1 1 0 0 1 1 1 0 0 0 1 0 0 0 1 0 0 0 1 0 0 0 1 1 1 1 
1 1 1 1 1 1 0 1 1 1 1 1 0 0 0 1 1 1 1 1 1 0 0 0 1 1 1 0 1 0 0 0 
1 1 1 1 1 1 1 0 0 0 0 1 1 1 1 0 1 0 0 0 1 1 1 1 1 1 1 1 1 1 1 1 
